# run for 200 equilsteps, 50000 steps, averages of 10repeats
#T M S [sterror in M over repeats] [sterror in S over repeats] [sterror in M(t), avg over repeats] 
0.0 141.0 NaN 30.566866593312 NaN 0.0
0.2 1699.2077199999999 1.0810490135875124 335.53608159574003 0.5386871789690363 0.07150689036559411
0.4 1650.0310400000003 8.293321765178886 349.57616718270253 3.5320564552926412 0.3029337024648395
0.6000000000000001 1816.789416 155.4611470086549 281.5695556407168 87.40569539286423 1.33746267706464
0.8 2341.33768 105.33163961817897 116.10958106885234 71.91231647653464 1.0874980157281158
1.0 2377.365476 65.22080598220217 101.57218783800349 54.403078223543716 0.7974528446633993
1.2000000000000002 2386.900456 60.734452795470986 46.48154230633277 27.711768617252492 1.2561906163216425
1.4000000000000001 2374.241768 56.37533018602892 51.054066810624136 29.740703583083615 1.3075662334339533
1.6 2432.463048 5.792634040849633 6.9022325466392696 2.610685360256507 0.520641222405139
1.8 2347.5840960000005 19.53299890870766 17.666517227916586 7.992075791708572 1.0018673194220964
2.0 2271.748452 2.177249110046029 2.653783826360119 1.0350280820777893 0.39448729384669534
2.2 1934.2689360000004 12.804527321688036 7.38115073943039 2.5199917917041894 1.1359463915104233
2.4000000000000004 72.14210399999999 67.75562086545129 16.072541352482514 2.3525194378317233 2.847700693547082
2.6 12.020528000000002 13.322386127625748 2.952300290241793 0.20268585648122783 1.3156891771941788
2.8000000000000003 3.6066160000000003 6.471235551644798 1.2535568734579923 0.06918715028828393 0.9517135034142742
3.0 4.3936839999999995 3.8526424724302295 1.0694271405977644 0.030136351819304456 0.7601501970195403
3.2 3.543132 2.6901068604245 0.5254175307501222 0.014659529981004199 0.6560464232605693
3.4000000000000004 2.3946199999999997 1.9728903205500803 0.4441839433688105 0.009770137142104597 0.5791195654641307
3.6 1.2225920000000001 1.5503717095117513 0.35079515956625046 0.009080287603845444 0.5282528547208586
3.8000000000000003 1.105764 1.2748046582931367 0.32251790501614014 0.003950982593547942 0.49215091108805237
4.0 1.0560360000000002 1.0707295835363038 0.3339595124602182 0.0031582430527191934 0.4627591274783538
4.2 0.8717039999999999 0.9132417704812799 0.16221456399335896 0.0040647078133249975 0.43792238922727833
4.4 0.9510759999999999 0.7995162578308509 0.22020250852945947 0.0038223883872031596 0.41939012728455316
4.6000000000000005 0.8888199999999999 0.7133859844528835 0.15604052160327528 0.001956579561950568 0.40506703229175933
4.800000000000001 0.8601199999999999 0.6317075326802132 0.2038936059811587 0.002086059429836363 0.3893701514084813