# run for 200 equilsteps, 10000 steps, averages of 1repeats
#T M S [sterror in M over repeats] [sterror in S over repeats] [sterror in M(t), avg over repeats] 
0.0 102.0 NaN NaN NaN 0.0
0.2 603.0298 0.750780623920029 NaN NaN 0.19375960743809217
0.4 2499.7066 0.039079916439950464 NaN NaN 0.06251705753032533
0.6000000000000001 79.3958 27.645224094906663 NaN NaN 2.0364671207926346
0.8 2495.9322 0.9346639015795662 NaN NaN 0.43237885640200724
1.0 2483.2812 4.930455730624124 NaN NaN 1.1102869927981036
1.2000000000000002 2492.3818 0.01565714291979869 NaN NaN 0.06853913216012941
1.4000000000000001 2473.0744 0.7937268756114477 NaN NaN 0.5270978938328102
1.6 2435.2466 2.612123797110049 NaN NaN 1.0222299223977915
1.8 2371.9336 4.259757064675705 NaN NaN 1.3845874430106477
2.0 2254.3728 6.482706764031761 NaN NaN 1.8004659257455102
2.2 1725.3014 60.48418246509812 NaN NaN 5.767982950610712
2.4000000000000004 16.568 67.19131689599999 NaN NaN 6.349710388655697
2.6 13.8656 14.102092728713847 NaN NaN 3.027751145877769
2.8000000000000003 5.3848 6.535397246994285 NaN NaN 2.1389800364789844
3.0 14.4592 4.1372350313813335 NaN NaN 1.7616005782230308
3.2 0.8686 2.7108349417550004 NaN NaN 1.4727134282976377
3.4000000000000004 1.0322 1.8796566309600002 NaN NaN 1.264068005729245
3.6 6.6288 1.5826742900622222 NaN NaN 1.1935448529433612
3.8000000000000003 2.4504 1.2788901410357896 NaN NaN 1.1023008394708171