# run for 100 equilsteps, 5000 steps, averages of 5repeats
#T E C [sterror in E over repeats] [sterror in C over repeats]  
0.0 -3663.2432 Infinity 107.24198437492662 NaN 0.7376564426526984
0.2 -1690.4891199999997 1707925.747804802 7.810710105899473 105193.5254354305 3.689602480912477
0.4 -1695.38128 422318.48039280035 2.692173968821488 11044.025539787208 3.6752526666315584
0.6000000000000001 -1687.24336 196520.05847075532 11.473319119138955 9349.48337730447 3.7576626291750737
0.8 -1651.1771200000003 103643.06935700004 8.02033041753266 2928.523609584446 3.6411681904324587
1.0 -1566.50368 58045.54184115203 6.3992559197456655 1280.2172558994914 3.406715264177624
1.2000000000000002 -1455.72016 32015.195662133232 1.6451820645752389 316.8301269745451 3.036662510587195
1.4000000000000001 -1340.2617599999999 19622.039876440867 3.0355709462307097 332.8580206211409 2.773297930128069
1.6 -1234.9110399999997 12376.156374900036 4.468263823186813 291.2270671991415 2.516822434370545
1.8 -1132.90096 7957.482960869149 3.1206456808808047 129.87704561918238 2.2707046280503884
2.0 -1041.4343999999999 4980.239801119989 2.7304327569087263 110.43985626276844 1.9957443054177062
2.2 -969.31728 3670.0558750413124 2.3746714615710607 31.99825255887039 1.8849549540079429
2.4000000000000004 -898.048 2636.597981333333 1.5550983505875153 53.32075907416275 1.7426198864863884
2.6 -836.60064 1963.5094869206969 1.0524899056997954 43.91120745931724 1.6290671307399762
2.8000000000000003 -787.9056 1549.9452142367359 3.5142954138774507 23.216251508800195 1.5589266446915686
3.0 -739.82832 1235.854965546665 2.045345695573241 4.494268584874194 1.4916281584633113
3.2 -698.53584 997.6723967125006 0.5655468942536946 11.111969524898111 1.4294704855628888
3.4000000000000004 -659.1856 826.1502034159151 0.36433540591053426 4.863394339920801 1.3821632527408316
3.6 -629.23808 713.0069334518518 1.9530706834111278 5.126854797733644 1.3595543836291555
3.8000000000000003 -600.11584 613.3212419900273 1.317847369614544 3.0738388179521348 1.3310077382695558
4.0 -572.99232 526.1326598559987 1.6470536816995505 5.173874270945876 1.2976123027203073
4.2 -545.0616 451.2634470530601 0.4656714034595543 5.987933043128101 1.261781221183203
4.4 -523.704 395.8508787173562 1.0117722115179992 2.338173922292457 1.2381389495975446
4.6000000000000005 -503.8627200000001 353.9870531629483 0.6547803588990806 3.6492541220973096 1.224015643187434
4.800000000000001 -483.63728000000003 315.91508638333323 1.1952116893672018 2.680258753240734 1.206616373037442